ビルド終了(正常)
[[0.831668 0.843139 0.635892 0.440724 0.245898 0.805316 0.945013 0.83059 0.721862 0.331234 ]
[0.0548443 0.767991 0.617838 0.998519 0.114627 0.531184 0.602307 0.972575 0.0722436 0.197539 ]
]
[0 0 0 0 0 0 0 0 0 0 ]
[[0.831668 ]
[0.843139 ]
[0.635892 ]
[0.440724 ]
[0.245898 ]
[0.805316 ]
[0.945013 ]
[0.83059 ]
[0.721862 ]
[0.331234 ]
]
[0 ]
-------------------
[[0.789492 0.805178 0.607386 0.425908 0.245769 0.804337 0.944658 0.829968 0.721524 0.330262 ]
[0.0107496 0.731522 0.590601 0.985566 0.114502 0.530182 0.601942 0.971997 0.0718972 0.196578 ]
]
[-0.12215 -0.119376 -0.0862927 -0.0208265 -1.55554e+232 -4.51108e+233 7762.32 3.01776e+234 7.77772e+232 -7.77772e+232 ]
[[0.411964 ]
[0.376542 ]
[0.188397 ]
[-0.0219404 ]
[0.171325 ]
[0.262787 ]
[0.203208 ]
[0.262674 ]
[-0.0196173 ]
[0.268937 ]
]
[-0.827573 ]
0.246413 
0.319229 
0.0684363 
0.158947 

